// 11 by 13 including spacers on each side of the matrix
// smaller version can be made with a 7 by 6
// Letters are also passed a color.


A-blue

0111111111110
0111111111110
0111000001110
0111000001110
0111000001110
0111111111110
0111111111110
0111000001110
0111000001110
0111000001110
0111000001110


B-blue

0111111111110
0111111111110
0111000001110
0111000001110
0111111111110
0111111111110
0111000001110
0111000001110
0111000001110
0111111111110
0111111111110


C-Blue

0111111111110
0111111111110
0111000000000
0111000000000
0111000000000
0111000000000
0111000000000
0111000000000
0111000000000
0111111111110
0111111111110


D-Blue

0111111100000
0111001110000
0111000111000
0111000011100
0111000001110
0111000000111
0111000000111
0111000001110
0111000011100
0111000111000
0111001110000
0111111100000


E-blue

0111111111110
0111111111110
0111000000000
0111000000000
0111000000000
0111111100000
0111111100000
0111111100000
0111000000000
0111000000000
0111111111110
0111111111110


F-blue

0111111111110
0111111111110
0111111111110
0111000000000
0111000000000
0111000000000
0111111100000
0111111100000
0111000000000
0111000000000
0111000000000
0111000000000


G-blue

0111111111110
0111111111110
0111000000000
0111000000000
0111000000000
0111000000000
0111000111110
0111000111110
0111000001110
0111000001110
0111111111110
0111111111110


H-blue

0111000001110
0111000001110
0111000001110
0111000001110
0111000001110
0111111111110
0111111111110
0111111111110
0111000001110
0111000001110
0111000001110
0111000001110


I-blue

0111111111110
0111111111110
0000011100000
0000011100000
0000011100000
0000011100000
0000011100000
0000011100000
0000011100000
0000011100000
0111111111110
0111111111110


J-blue

0111111111110
0111111111110
0000000011100
0000000011100
0000000011100
0000000011100
0000000011100
0000000011100
0000000011100
0011100011100
0011100011100
0011111111100


K-blue

0111000001110
0111000001110
0111000011100
0111000111000
0111001110000
0111011110000
0111111100000
0111111100000
0111001111000
0111000111100
0111000011110
0111000001110


L-blue

0111000000000
0111000000000
0111000000000
0111000000000
0111000000000
0111000000000
0111000000000
0111000000000
0111000000000
0111000000000
0111111111110
0111111111110

M-blue

0110000000110
0111100011110
0111110111110
0110110110110
0110111110110
0110011100110
0110011100110
0110011100110
0110011100110
0110011100110
0110011100110
0110011100110


O-blue

0111111111110
0111111111110
0111000001110
0111000001110
0111000001110
0111000001110
0111000001110
0111000001110
0111000001110
0111111111110
0111111111110
0000000000000


P-blue

0111111111110
0111111111110
0111000001110
0111000001110
0111000001110
0111111111110
0111111111110
0111000000000
0111000000000
0111000000000
0111000000000
0111000000000


Q-blue

0111111111100
0111111111100
0110000001100
0110000001100
0110000001100
0110000001100
0110000001100
0110011101100
0110011101100
0110000111100
0111111111110
0000000001110


R-Blue

0111111111110
0111111111110
0111000001110
0111000001110
0111000001110
0111111111110
0111111111110
0111111100000
0111001110000
0111000111000
0111000011100
0111000001110


S-blue

0111111111110
0111111111110
0111000000000
0111000000000
0111000000000
0111111111110
0111111111110
0000000001110
0000000001110
0000000001110
0111111111110
0111111111110


T-blue

0111111111110
0111111111110
0111111111110
0000011100000
0000011100000
0000011100000
0000011100000
0000011100000
0000011100000
0000011100000
0000011100000
0000011100000


U-blue

0111000001110
0111000001110
0111000001110
0111000001110
0111000001110
0111000001110
0111000001110
0111000001110
0111000001110
0111000001110
0111111111110
0111111111110


V-blue

0111000001110
0111000001110
0011000001100
0011100011100
0001100011000
0001100011000
0001100011000
0001110111000
0000110110000
0000110110000
0000111110000
0000011100000

W-blue

0110011100110
0110011100110
0110011100110
0110011100110
0110011100110
0110011100110
0110011100110
0110011100110
0110011100110
0110011100110
0111111111110
0011111111100


X-blue

0111000001110
0111000001110
0011100011100
0011100111100
0001110111000
0001111111000
0001110111000
0001110111000
0011100011100
0011100011100
0111000001110
0111000001110


Y-blue

0111000001110
0111000001110
0011100011100
0001110111000
0000111110000
0000011100000
0000011100000
0000011100000
0000011100000
0000011100000
0000011100000
0000011100000


Z-blue

0111111111110
0111111111110
0000000011110
0000000111100
0000001111000
0000011110000
0000111100000
0001111000000
0011110000000
0111100000000
0111111111110
0111111111110

0-blue

0111111111110
0111111111110
0110000001110
0110000011110
0110000111110
0110001110110
0110011100110
0110111000110
0111110000110
0111100000110
0111111111110
0111111111110

1-blue

0001111111000
0011111111000
0111111111000
0000001111000
0000001111000
0000001111000
0000001111000
0000001111000
0000001111000
0000001111000
0111111111110
0111111111110

2-blue

0011111111100
0111111111110
0111000001110
0111000001110
0000000001110
0000000111100
0000001111000
0000011110000
0000111100000
0001111000000
0111111111110
0111111111110


3-blue

0111111111110
0111111111110
0000000011110
0000000001110
0000000011110
0000011111110
0000011111110
0000000011110
0000000001110
0000000001110
0111111111110
0111111111110

4-blue

0111000011110
0111000011110
0111000011110
0111000011110
0111000011110
0111111111110
0111111111110
0000000011110
0000000011110
0000000011110
0000000011110
0000000011110


5-blue

0111111111110
0111111111110
0111100000000
0111110000000
0001111110000
0000011111100
0000000111110
0000000011110
0000000111110
0000011111100
0111111111000
0111111100000


6-blue

0111111111110
0111111111110
0111000000000
0111000000000
0111000000000
0111111111110
0111111111110
0111000001110
0111000001110
0111000001110
0111111111110
0111111111110

7-blue

0111111111110
0111111111110
0111000001110
0111000001110
0000000011100
0000000111000
0000001110000
0000011100000
0000111000000
0001110000000
0011100000000
0111110000000


8-blue

0111111111110
0111111111110
0111000001110
0111000001110
0111000001110
0111111111110
0111111111110
0111000001110
0111000001110
0111000001110
0111111111110
0111111111110


9-blue

0111111111110
0111111111110
0111000001110
0111000001110
0111000001110
0111111111110
0111111111110
0000000001110
0000000001110
0000000001110
0000000001110
0000000001110
