A

0111111111110
0111111111110
0111000001110
0111000001110
0111000001110
0111111111110
0111111111110
0111000001110
0111000001110
0111000001110
0111000001110
0111000001110


B

0111111111110
0111111111110
0111000001110
0111000001110
0111111111110
0111111111110
0111000001110
0111000001110
0111000001110
0111111111110
0111111111110
0111111111110


C

0111111111110
0111111111110
0111000000000
0111000000000
0111000000000
0111000000000
0111000000000
0111000000000
0111000000000
0111111111110
0111111111110
0000000000000


D

0111111100000
0111001110000
0111000111000
0111000011100
0111000001110
0111000000111
0111000000111
0111000001110
0111000011100
0111000111000
0111001110000
0111111100000


E

0111111111110
0111111111110
0111000000000
0111000000000
0111000000000
0111111100000
0111111100000
0111111100000
0111000000000
0111000000000
0111111111110
0111111111110


F

0111111111110
0111111111110
0111111111110
0111000000000
0111000000000
0111000000000
0111111100000
0111111100000
0111000000000
0111000000000
0111000000000
0111000000000


G

0111111111110
0111111111110
0111000000000
0111000000000
0111000000000
0111000000000
0111000111110
0111000111110
0111000001110
0111000001110
0111111111110
0111111111110


H

0111000001110
0111000001110
0111000001110
0111000001110
0111000001110
0111111111110
0111111111110
0111111111110
0111000001110
0111000001110
0111000001110
0111000001110


I

0111111111110
0111111111110
0000011100000
0000011100000
0000011100000
0000011100000
0000011100000
0000011100000
0000011100000
0000011100000
0111111111110
0111111111110


J

0111111111110
0111111111110
0000000011100
0000000011100
0000000011100
0000000011100
0000000011100
0000000011100
0000000011100
0011100011100
0011100011100
0011111111100


K

0111000001110
0111000001110
0111000011100
0111000111000
0111001110000
0111011110000
0111111100000
0111111100000
0111001111000
0111000111100
0111000011110
0111000001110


L

0111000000000
0111000000000
0111000000000
0111000000000
0111000000000
0111000000000
0111000000000
0111000000000
0111000000000
0111000000000
0111111111110
0111111111110

M

0110000000110
0111100011110
0111110111110
0110110110110
0110111110110
0110011100110
0110011100110
0110011100110
0110011100110
0110011100110
0110011100110
0110011100110

N

0111100001110
0111100001110
0111111001110
0111111001110
0111011101110
0111011101110
0111011101110
0111011101110
0111001111110
0111000111110
0111000011110
0111000001110


O

0111111111110
0111111111110
0111000001110
0111000001110
0111000001110
0111000001110
0111000001110
0111000001110
0111000001110
0111111111110
0111111111110
0111111111110


P

0111111111110
0111111111110
0111000001110
0111000001110
0111000001110
0111111111110
0111111111110
0111000000000
0111000000000
0111000000000
0111000000000
0111000000000


Q

0111111111100
0111111111100
0110000001100
0110000001100
0110000001100
0110000001100
0110000001100
0110011101100
0110011101100
0110000111100
0111111111110
0000000001110


R

0111111111110
0111111111110
0111000001110
0111000001110
0111000001110
0111111111110
0111111111110
0111111100000
0111001110000
0111000111000
0111000011100
0111000001110


S

0111111111110
0111111111110
0111000000000
0111000000000
0111000000000
0111111111110
0111111111110
0000000001110
0000000001110
0000000001110
0111111111110
0111111111110


T

0111111111110
0111111111110
0111111111110
0000011100000
0000011100000
0000011100000
0000011100000
0000011100000
0000011100000
0000011100000
0000011100000
0000011100000


U

0111000001110
0111000001110
0111000001110
0111000001110
0111000001110
0111000001110
0111000001110
0111000001110
0111000001110
0111000001110
0111111111110
0111111111110


V

0111000001110
0111000001110
0011000001100
0011100011100
0001100011000
0001100011000
0001100011000
0001110111000
0000110110000
0000110110000
0000111110000
0000011100000

W

0110011100110
0110011100110
0110011100110
0110011100110
0110011100110
0110011100110
0110011100110
0110011100110
0110011100110
0110011100110
0111111111110
0011111111100


X

0111000001110
0111000001110
0011100011100
0011100111100
0001110111000
0001111111000
0001110111000
0001110111000
0011100011100
0011100011100
0111000001110
0111000001110


Y

0111000001110
0111000001110
0011100011100
0001110111000
0000111110000
0000011100000
0000011100000
0000011100000
0000011100000
0000011100000
0000011100000
0000011100000


Z

0111111111110
0111111111110
0000000011110
0000000111100
0000001111000
0000011110000
0000111100000
0001111000000
0011110000000
0111100000000
0111111111110
0111111111110

+

0111111111110
0111111111110
0110000001110
0110000011110
0110000111110
0110001110110
0110011100110
0110111000110
0111110000110
0111100000110
0111111111110
0111111111110

*

0001111111000
0011111111000
0111111111000
0000001111000
0000001111000
0000001111000
0000001111000
0000001111000
0000001111000
0000001111000
0111111111110
0111111111110

2

0011111111100
0111111111110
0111000001110
0111000001110
0000000001110
0000000111100
0000001111000
0000011110000
0000111100000
0001111000000
0111111111110
0111111111110


3

0111111111110
0111111111110
0000000011110
0000000001110
0000000011110
0000011111110
0000011111110
0000000011110
0000000001110
0000000001110
0111111111110
0111111111110

4

0111000011110
0111000011110
0111000011110
0111000011110
0111000011110
0111111111110
0111111111110
0000000011110
0000000011110
0000000011110
0000000011110
0000000011110


5

0111111111110
0111111111110
0111100000000
0111110000000
0001111110000
0000011111100
0000000111110
0000000011110
0000000111110
0000011111100
0111111111000
0111111100000


6

0111111111110
0111111111110
0111000000000
0111000000000
0111000000000
0111111111110
0111111111110
0111000001110
0111000001110
0111000001110
0111111111110
0111111111110

7

0111111111110
0111111111110
0111000001110
0111000001110
0000000011100
0000000111000
0000001110000
0000011100000
0000111000000
0001110000000
0011100000000
0111110000000


8

0111111111110
0111111111110
0111000001110
0111000001110
0111000001110
0111111111110
0111111111110
0111000001110
0111000001110
0111000001110
0111111111110
0111111111110


9

0111111111110
0111111111110
0111000001110
0111000001110
0111000001110
0111111111110
0111111111110
0000000001110
0000000001110
0000000001110
0000000001110
0000000001110

!

0000011100000
0000011100000
0000011100000
0000011100000
0000011100000
0000011100000
0000011100000
0000000000000
0000000000000
0000000000000
0000011100000
0000011100000

_

0000000000000
0000000000000
0000000000000
0000000000000
0000000000000
0000000000000
0000000000000
0000000000000
0000000000000
0000000000000
0000000000000
0000000000000

-

0000000000000
0000000000000
0000000000000
0000000000000
0000000000000
1111111111111
1111111111111
0000000000000
0000000000000
0000000000000
0000000000000
0000000000000

3

1111111111111
1111111111111
0000000001111
0000000001111
0000000001111
1111111111111
1111111101111
0000000001111
0000000001111
0000000001111
1111111111111
1111111111111

21

0011111111100000000001111111000
0111111111110000000011111111000
0111000001110000000111111111000
0111000001110000000000001111000
0000000001110000000000001111000
0000000111100000000000001111000
0000001111000000000000001111000
0000011110000000000000001111000
0000111100000000000000001111000
0001111000000000000000001111000
0111111111110000000111111111110
0111111111110000000111111111110